Script started on Wed 02 May 2018 11:08:42 PM EDT
asantos@franklin:~/cs451/asn7$ prolog
GNU Prolog 1.3.0
By Daniel Diaz
Copyright (C) 1999-2007 Daniel Diaz
| ?- [square].
compiling /home/asantos/cs451/asn7/square.pl for byte code...
/home/asantos/cs451/asn7/square.pl compiled, 72 lines read - 5532 bytes written, 11 ms

yes
| ?- main.
6 1 8
7 5 3
2 9 4

true ? ;
8 1 6
3 5 7
4 9 2

true ? ;
8 3 4
1 5 9
6 7 2

true ? ;
4 3 8
9 5 1
2 7 6

true ? ;
6 7 2
1 5 9
8 3 4

true ? ;
2 7 6
9 5 1
4 3 8

true ? ;
2 9 4
7 5 3
6 1 8

true ? ;
4 9 2
3 5 7
8 1 6

true ? ;

(588 ms) no
| ?- halt.
asantos@franklin:~/cs451/asn7$ exit
exit

Script done on Wed 02 May 2018 11:09:10 PM EDT
